0000000000000000000000000000000000000000000000000000000000000000000000000000000000000000000000000000000000000000000000000000000000000
0111111111111111111111111111111111111111111111111111111111111111111111111111111111111111111111111111111111111111111111111111111111110
0111111111101111111111111011101111111101111011111110101101111111111111111111111111110011111101111110110100011111111111111110111111110
0111010111111101011111101111111011111111101111111110110101111111111111111111111111111111111111111111011111111011101111111011110101110
0110111111011101111111110111011111100111111011111111101111111111111111111111111110111111001111110011111011100101111011101111111111110
0111111011111111111011111111111110111111011111011101010111111111111111111111101101110101111110111111111111110111111111111111111111110
0101111111111010101111111111111111111110111111011101111111111111111111111111010111011100111111011111011011111111110011111111111111110
0111110101111110111111111011111111100111110110010011011111111111111111111111011111110001011110111011101111111010110101111111111001110
0110110111110111101111111111111111111111111111110111111111111111011111111111111111110111011111010111111011111111111111111111111111110
0110110111111110111100110111111101111110101100111111111111111111111111111111111011011111111111111111101111111111111111011110111111110
0101101111111111111111111111110110111110111111100111111111111110111111111111111111111111111101111111111101111111110111111110001111110
0111101111011011110111011111111101111101011101101111111111110111111101111111111100111001010111011111001111111111111111111111111111110
0111101101111111110110111111011111111111111111111100111111110111111111111111111111111101111111111111010111101111111111111111101111110
0111011111110111111011111111111101111110111011110111111111111111011111111011111111111111101111111111111110011010111111101100011011110
0111111011011111011111001110110101111111111111111111111111101111111111111111111111111101111111101111111111111111111111111011111101110
0101111111001111111110111111101011111111111111111111111100110111011101010111111111111111101111111111011111101111111011100110110010010
0111111111101111111111111011111111101110011111111111111111011111111111110101111111111111101111111001111101111111111011110111111111110
0111110101111111111110110111111111111111111111111111110111100111111111111101111111111101111011111111110111111111111111111111110111110
0111111111111111111101111111111111111011111111111111110011111101111101110011101111111111111011111011111110111111111111111111111011110
0111111101010111111111111011110011110111111111111111101111110101111011011111101011111111111111111111111101011111111111011111011111110
0111110111110111000111111101111111010110111111111111111110011111111100111111111111111111111111111001111011100111111111110111111111110
0110111011111111101110111111111111111111011111111111011111110101111110111011111111111111111110110001101111110110111110111111111110110
0101111111111101111011111011111011111111011111111111011011001110111111111110111100111111111111110011111111011101111111111111110101010
0111111111111111101111011011111111011010111111111111111111110111111111111111101111101111111111111011111111110111111110111110110111110
0111111111111111111111111111100011100111111111110101111100111101111001100111011111111111111111100111111111001111111111110110001111110
0101100111111110101111110111010011111111111111111111011111111111111111111111110111111111111111111111111111100111101111111111111111110
0110111111111011011111111101111111111111111111111110111110011111111111110011111011111111111111100111111110111100001111111111111111110
0111010100111111111111111111111111010111111111110111111110011111111111111111111111101111111111110101111101111111111011110111111111110
0111101111011111001111111111101111101111111111011101110111111111111110111111111110111111111111111011111111111111101111101111011111110
0101111111110111101011111111111111111111111111111111011111011111011110111111110111111111001111111111111011011110111111101111101101110
0111111001111101111111011111111110111111111010111111111001111001011111111111001110101111111011111111111111111111110111111111111111110
0111111111111110111111111111011111111111101111111111111101011111111100011110001111111011111011111111111111111111111011110111101011110
0111111111111001111101011111110111111111010110110111111111011111101111011111011110111111111111111111111110111110111111011111111111110
0110101111011110111111111001101111111111111111111011011111111111111011111110111111111111111111111111111110011111111111111101111111110
0101111011111111111111101110111111111101111111111011111111100011011111110110011111111010111110111111111101111101111111111111011111110
0111111101111011111111110111111111111111111111110110010111111111111101111111111111111111111111111111111111101111111111111101110111110
0110100111111111101111111111111111111111111111011111111111110111111111101111011111110111011001111111111111111111111111111111110100110
0111111011101111111111011111111111111111111111111111111111111011111111111011011111110111111000111111111111111111111111111111011101110
0101011111111111111110011111111111101111111001111111111111111111111011011011111010111111111101111111111111111111111001111111111111110
0110111111110111111110111111111111101111111111011111011111111111111111101111111101111111101111111111111111111111111111111110111111110
0100011001101111111111111111111111110101111110111111110011111011111011111101101111111101111101111111111111111101110111111101111111110
0111111101111110111111111111111101111110111111001111111111111110111111111111111101111011011101111111111111111111100011111011111011110
0110111111111110111111111111111111111111111111101110011110011111111111010101111111111111111111111110111111111111111101111110111111010
0111101101011111111111111111111111111101111010111111111111110111111111111011011001111111111111111011111111111111101101101111111001110
0111100101111111111111111111111101111111111111111111110111101111111111111111111011111011101111111111111101111111110101111111101101110
0111001111111111001111111101111101111111111001110111111111111111111111111110111111111011011011111101111111111111111111101111100111110
0110111111011111111111111111110110100111111111011111110111111111111111111111111010101111111111111111111111111111111111111111101111010
0101111000011111111111111110111101011010111111011111111111111110111111111111111111111010111101111111101100111111111111111111111111110
0111111111110101111111111100111111111111111011111111110111111111111111111111100111101111111011100111110111111111111111111110110111110
0101101111111111111111011111111111111111110110111111110111110111111111111111111111111111110101110011111111111111111111101111111101110
0111111110011011111111111111110110111101111111101111110110111111111111101111111111011111111111011111111111111011111111101111011111110
0110011110010111111111010111111110111111111110011000110111111101111111111111111111111111111111111010111111011011011111111111101001110
0111111111111111111111111111011101101100111101110111111111111111111111110111110111011111111111111111111111111111111111111111111111110
0110110110111111111111111111101111111111111111111111111111111111111111111111011011111101111111011111111111111110101111111111011111110
0111111110111111100111111111101111111011111111111101001111111111111110111111011111111111011111111111111101111111111111111110001111110
0101011111111111111110111110110101110111111111111111111111111111011111011011111111110111111111111111010111111111111111111111111111110
0111111111111110111111111111111111111110111111110101111111111111111111111111111111110111111101110111101111111101011110111111110111110
0110011111111111111111111011110111101111111110110011111111110111111100111111111111111111111111111111111101101100110111011111111111110
0111011111111111110111111011110111001111111101111111111111111111111011111111111110111111001111111111110111111111100111111111111111110
0111111111111111111001111110111111111011110111111111101011111111111111111111111100100111111111111111111111111100111111111111111111110
0111111111111111101111111101101111111111111111111111011111111101111111111111101111011101110111111111111111111111111110111111111111110
0111111111111111111100111001111111111111101101101011100111110111111111001111111111111111111111111110111001011111111111111111111111110
0111111111111011111101111111111011111101101111100111111011111111111111111011111111110111111011101111111110111111110010111111111111110
0111111111111111111111010111111111111111111111111011111111111111101111110101101111111110111101111111111111111011111111111111011111110
0111111111111111111011111101011111011111101111111111110011111010111111110101111111101110111101111100111111111101110111111111111111110
0111111110111111111111111111111111111111101111111011111111101111011100011111100110111101111111110110011111111101111101111111011111110
0111111111111111111111111111111111111111111111111111111111111111111111111111111111111111111111111111111111111111111111111111111111110
0011110101111110111111100101101111011011011111111111111011111111111111101111111111111001111101110100011111111111101111111111111111100
0001111111111101111111110111111111011111111111001111101111111111101111111111111101110111111111111111110101111111111111111110111111000
0000111101011111111111111111110111111111101111111111111100111100111111111111101111111111011011011111111100111111111111111111111110000
0000011111110111101111111111111100111111110111111111111011101111001111111101011110101011111111111111101110111101111111111011111100000
0000001111110010101011111101111111101101111011101111111111111111111111110111111111111101111110011100110101110011111111011111111000000
0000000111100111101111111111101111111111111111110111101111011011111110001111111111111111111111011111111111111111111111010111110000000
0000000011111110111111010110111010111111111111111111111111111111111111111010001111111111111111101111111111110111011111111111100000000
0000000001111011111111101011111111100111111111111111111111101111111111011111110111101111111111111111101111111101110110011111000000000
0000000000111111011110111011111101111101111110111110111110111100111111111111111011111111111111101111011111111111101101111110000000000
0000000000011111010111101111111110111110101111111111101111111111111110111110001111111110111111111111110111110111111111111100000000000
0000000000001111111111111101111111011111111110111101110111101101111110110100111010101101011111111111111111111111001111111000000000000
0000000000000111111111110111011011111111111111110110101111111111111111100110111111111101111011111111111111011101111111110000000000000
0000000000000011111111111111111111111111011111011111110111111111111110010111111011110111111111101101111010111111111111100000000000000
0000000000000001111111111111111101111111011111111111111111111111011101111110011101111111110110111111101111111111111111000000000000000
0000000000000000111111011111011000111011111100111111101111111110101111111111111101111101110110111011111111101111111110000000000000000
0000000000000000011111111111111001011101111111110111111111111111111111111010111111111111111110111111001111111101111100000000000000000
0000000000000000001111011111011111111111111110110111111110111101111111111111010111111111111111111111110111111111111000000000000000000
0000000000000000000111111111111111111111111111111110111111111111111101111111111111111111111011111111111111110111110000000000000000000
0000000000000000000011111011111111111111110111111111111111111011111111011101111111111111111101111111111111011111100000000000000000000
0000000000000000000001111111111111111111111111110111111111111110101111111111111111111101111111111111111111111111000000000000000000000
0000000000000000000000111110111111111111011111111011111111111111111111111111101111110001101111101101110111111110000000000000000000000
0000000000000000000000011111111111110110111100011001110111111111111110001111111111111101101111010100111111111100000000000000000000000
0000000000000000000000001111111111111111111111111111111111111011111111111111111110111111111111111111011111111000000000000000000000000
0000000000000000000000000111111111111111111101011101111101101110111111011011110101111111111111101011111011110000000000000000000000000
0000000000000000000000000011111111111111111101011111111111101111011111111011111111011111111111010111111111100000000000000000000000000
0000000000000000000000000001111111010111001101111111111111111111111011111101111111110101111011111111111111000000000000000000000000000
0000000000000000000000000000111111110011101111110101111011110111101001111111111111111111011100111011111110000000000000000000000000000
0000000000000000000000000000011111111111111111111110111000111111111111101111101111111110111100111011111100000000000000000000000000000
0000000000000000000000000000001111101101011011111111111101111011111111111111101011111110110011111111111000000000000000000000000000000
0000000000000000000000000000000111111110111101110111110111111111011111111111011111111110111111011111110000000000000000000000000000000
0000000000000000000000000000000011111111111111111111111110111110111011111111111111111011111110101111100000000000000000000000000000000
0000000000000000000000000000000001111101011111111111001111011111111101111111111111110110111111101111000000000000000000000000000000000
0000000000000000000000000000000000111111111111101111111111111110111111111011111111111111111011111110000000000000000000000000000000000
0000000000000000000000000000000000011111111111111111111111110111111111111111111111111111101111111100000000000000000000000000000000000
0000000000000000000000000000000000001111111011111111101101111101101111111111111110111111111101111000000000000000000000000000000000000
0000000000000000000000000000000000000111111011101100011110111111111011111111110110110111101011110000000000000000000000000000000000000
0000000000000000000000000000000000000011111101111110111101111111111111111111111111111111110111100000000000000000000000000000000000000
0000000000000000000000000000000000000001111011111110101111011111101111111111111110111110111111000000000000000000000000000000000000000
0000000000000000000000000000000000000000111101111111111101011111011011011111011110111111111110000000000000000000000000000000000000000
0000000000000000000000000000000000000000011110101101101110101111101111101111111111110110111100000000000000000000000000000000000000000
0000000000000000000000000000000000000000001111111111111111111111111100110011101111111111111000000000000000000000000000000000000000000
0000000000000000000000000000000000000000000111101011111111111111111011110101111111111011110000000000000000000000000000000000000000000
0000000000000000000000000000000000000000000011111111101111110011111111111111111111111111100000000000000000000000000000000000000000000
0000000000000000000000000000000000000000000001111111111111111111111111011001111011111111000000000000000000000000000000000000000000000
0000000000000000000000000000000000000000000000111111011111111111111111111111111111111110000000000000000000000000000000000000000000000
0000000000000000000000000000000000000000000000011111111111110111111111011101011111111100000000000000000000000000000000000000000000000
0000000000000000000000000000000000000000000000001111111111110110111110111101111111111000000000000000000000000000000000000000000000000
0000000000000000000000000000000000000000000000000111111111111111111111101100111111110000000000000000000000000000000000000000000000000
0000000000000000000000000000000000000000000000000011111111111011101111101101111111100000000000000000000000000000000000000000000000000
0000000000000000000000000000000000000000000000000001111111101100111001111111101111000000000000000000000000000000000000000000000000000
0000000000000000000000000000000000000000000000000000111111011101111111111111011110000000000000000000000000000000000000000000000000000
0000000000000000000000000000000000000000000000000000011111111111011111100111111100000000000000000000000000000000000000000000000000000
0000000000000000000000000000000000000000000000000000001111111111111010101111111000000000000000000000000000000000000000000000000000000
0000000000000000000000000000000000000000000000000000000111111111111111111111110000000000000000000000000000000000000000000000000000000
0000000000000000000000000000000000000000000000000000000011111111111100111111100000000000000000000000000000000000000000000000000000000
0000000000000000000000000000000000000000000000000000000001111111111111111111000000000000000000000000000000000000000000000000000000000
0000000000000000000000000000000000000000000000000000000000111111011111111110000000000000000000000000000000000000000000000000000000000
0000000000000000000000000000000000000000000000000000000000011111111111111100000000000000000000000000000000000000000000000000000000000
0000000000000000000000000000000000000000000000000000000000001111111011111000000000000000000000000000000000000000000000000000000000000
0000000000000000000000000000000000000000000000000000000000000111111111110000000000000000000000000000000000000000000000000000000000000
0000000000000000000000000000000000000000000000000000000000000011111111100000000000000000000000000000000000000000000000000000000000000
0000000000000000000000000000000000000000000000000000000000000001111111000000000000000000000000000000000000000000000000000000000000000
0000000000000000000000000000000000000000000000000000000000000000111110000000000000000000000000000000000000000000000000000000000000000
0000000000000000000000000000000000000000000000000000000000000000011100000000000000000000000000000000000000000000000000000000000000000
0000000000000000000000000000000000000000000000000000000000000000001000000000000000000000000000000000000000000000000000000000000000000
0000000000000000000000000000000000000000000000000000000000000000000000000000000000000000000000000000000000000000000000000000000000000
